     1        0   0.000
     2    21382   0.010
     3    41864   0.020
     4    61541   0.030
     5    81209   0.040
     6   100870   0.050
     7   120528   0.060
     8   140184   0.070
     9   159839   0.080
    10   179494   0.090
    11   199150   0.100
    12   218807   0.110
    13   238465   0.120
    14   258124   0.130
    15   277785   0.140
    16   297447   0.150
    17   317107   0.160
    18   336768   0.170
    19   356427   0.180
    20   376088   0.190
    21   395743   0.200
    22   415392   0.210
    23   435035   0.220
    24   454665   0.230
    25   474276   0.240
    26   493880   0.250
    27   513477   0.260
    28   533064   0.270
    29   552628   0.280
    30   572185   0.290
    31   591738   0.300
    32   611283   0.310
    33   630818   0.320
    34   650340   0.330
    35   669849   0.340
    36   689356   0.350
    37   708855   0.360
    38   728346   0.370
    39   747825   0.380
    40   767298   0.390
