     1        0   270000   0.000
     2    21382   272805   0.010
     3    41864   275542   0.020
     4    61541   278148   0.030
     5    81209   280573   0.040
     6   100870   283010   0.050
     7   120528   285448   0.060
     8   140184   287980   0.070
     9   159839   290499   0.080
    10   179494   293036   0.090
    11   199150   295629   0.100
    12   218807   298263   0.110
    13   238465   300904   0.120
    14   258124   303520   0.130
    15   277785   306202   0.140
    16   297447   308773   0.150
    17   317107   311490   0.160
    18   336768   314095   0.170
    19   356427   316889   0.180
    20   376088   319554   0.190
    21   395743   322181   0.200
    22   415392   324912   0.210
    23   435035   327688   0.220
    24   454665   330488   0.230
    25   474276   333282   0.240
    26   493880   335885   0.250
    27   513477   338753   0.260
    28   533064   341517   0.270
    29   552628   344322   0.280
    30   572185   347077   0.290
    31   591738   349809   0.300
    32   611283   352735   0.310
    33   630818   355611   0.320
    34   650340   358544   0.330
    35   669849   361449   0.340
    36   689356   364218   0.350
    37   708855   367023   0.360
    38   728346   369921   0.370
    39   747825   372708   0.380
    40   767298   375594   0.390
