     1    14701     1918   0.001
     2    14701     4054   0.002
     3    14701     6212   0.003
     4    14701     8379   0.004
     5    14701    10547   0.005
     6    14701    12715   0.006
     7    14701    14883   0.007
     8    14701    17051   0.008
     9    14701    19219   0.009
    10    14701    21387   0.010
    11    14701    23555   0.011
    12    14701    25723   0.012
    13    14701    27891   0.013
    14    14701    30057   0.014
    15    14701    32027   0.015
    16    14701    33997   0.016
    17    14701    35966   0.017
    18    14701    37935   0.018
    19    14701    39904   0.019
    20    14701    41873   0.020
    21    14701    43842   0.021
    22    14701    45811   0.022
    23    14701    47779   0.023
    24    14701    49747   0.024
    25    14701    51715   0.025
    26    14701    53683   0.026
    27    14701    55651   0.027
    28    14701    57619   0.028
    29    14701    59587   0.029
    30    14701    61555   0.030
    31    14701    63522   0.031
    32    14701    65490   0.032
    33    14701    67457   0.033
    34    14701    69425   0.034
    35    14701    71392   0.035
    36    14701    73359   0.036
    37    14701    75326   0.037
    38    14701    77293   0.038
    39    14701    79260   0.039
    40    14701    81227   0.040
    41    14701    83194   0.041
    42    14701    85161   0.042
    43    14701    87128   0.043
    44    14701    89095   0.044
    45    14701    91061   0.045
    46    14701    93028   0.046
    47    14701    94994   0.047
    48    14701    96960   0.048
    49    14701    98926   0.049
    50    14701   100892   0.050
    51    14701   102858   0.051
    52    14701   104824   0.052
    53    14701   106790   0.053
    54    14701   108756   0.054
    55    14701   110722   0.055
    56    14701   112688   0.056
    57    14701   114654   0.057
    58    14701   116620   0.058
    59    14701   118586   0.059
    60    14701   120552   0.060
    61    14701   122518   0.061
    62    14701   124484   0.062
    63    14701   126450   0.063
    64    14701   128416   0.064
    65    14701   130382   0.065
    66    14701   132348   0.066
    67    14701   134314   0.067
    68    14701   136280   0.068
    69    14701   138246   0.069
    70    14701   140212   0.070
    71    14701   142178   0.071
    72    14701   144144   0.072
    73    14701   146110   0.073
    74    14701   148076   0.074
    75    14701   150042   0.075
    76    14701   152008   0.076
    77    14701   153974   0.077
    78    14701   155940   0.078
    79    14701   157906   0.079
    80    14701   159872   0.080
    81    14701   161838   0.081
    82    14701   163804   0.082
    83    14701   165770   0.083
    84    14701   167736   0.084
    85    14701   169702   0.085
    86    14701   171668   0.086
    87    14701   173634   0.087
    88    14701   175600   0.088
    89    14701   177566   0.089
    90    14701   179532   0.090
    91    14701   181498   0.091
    92    14701   183464   0.092
    93    14701   185430   0.093
    94    14701   187396   0.094
    95    14701   189362   0.095
    96    14701   191328   0.096
    97    14701   193294   0.097
    98    14701   195260   0.098
    99    14701   197226   0.099
   100    14701   199192   0.100
   101    14701   201158   0.101
   102    14701   203124   0.102
   103    14701   205090   0.103
   104    14701   207056   0.104
   105    14701   209022   0.105
   106    14701   210988   0.106
   107    14701   212954   0.107
   108    14701   214920   0.108
   109    14701   216886   0.109
   110    14701   218852   0.110
   111    14701   220818   0.111
   112    14701   222784   0.112
   113    14701   224750   0.113
   114    14701   226716   0.114
   115    14701   228682   0.115
   116    14701   230648   0.116
   117    14701   232614   0.117
   118    14701   234580   0.118
   119    14701   236546   0.119
   120    14701   238512   0.120
   121    14701   240478   0.121
   122    14701   242444   0.122
   123    14701   244410   0.123
   124    14701   246376   0.124
   125    14701   248342   0.125
   126    14701   250308   0.126
   127    14701   252274   0.127
   128    14701   254240   0.128
   129    14701   256206   0.129
   130    14701   258172   0.130
   131    14701   260138   0.131
   132    14701   262104   0.132
   133    14701   264070   0.133
   134    14701   266037   0.134
   135    14701   268004   0.135
   136    14701   269971   0.136
   137    14701   271938   0.137
   138    14701   273905   0.138
   139    14701   275872   0.139
   140    14701   277839   0.140
   141    14701   279806   0.141
   142    14701   281773   0.142
   143    14701   283740   0.143
   144    14701   285707   0.144
   145    14701   287674   0.145
   146    14701   289641   0.146
   147    14701   291608   0.147
   148    14701   293575   0.148
   149    14701   295542   0.149
   150    14701   297509   0.150
   151    14701   299475   0.151
   152    14701   301441   0.152
   153    14701   303407   0.153
   154    14701   305373   0.154
   155    14701   307339   0.155
   156    14701   309306   0.156
   157    14701   311273   0.157
   158    14701   313240   0.158
   159    14701   315207   0.159
   160    14701   317174   0.160
   161    14701   319141   0.161
   162    14701   321108   0.162
   163    14701   323075   0.163
   164    14701   325042   0.164
   165    14701   327009   0.165
   166    14701   328976   0.166
   167    14701   330943   0.167
   168    14701   332910   0.168
   169    14701   334876   0.169
   170    14701   336842   0.170
   171    14701   338808   0.171
   172    14701   340774   0.172
   173    14701   342740   0.173
   174    14701   344706   0.174
   175    14701   346672   0.175
   176    14701   348638   0.176
   177    14701   350604   0.177
   178    14701   352570   0.178
   179    14701   354537   0.179
   180    14701   356504   0.180
   181    14701   358471   0.181
   182    14701   360438   0.182
   183    14701   362405   0.183
   184    14701   364372   0.184
   185    14701   366338   0.185
   186    14701   368304   0.186
   187    14701   370270   0.187
   188    14701   372236   0.188
   189    14701   374202   0.189
   190    14701   376168   0.190
   191    14701   378134   0.191
   192    14701   380100   0.192
   193    14701   382066   0.193
   194    14701   384032   0.194
   195    14701   385998   0.195
   196    14701   387964   0.196
   197    14701   389930   0.197
   198    14701   391896   0.198
   199    14701   393862   0.199
   200    14701   395828   0.200
   201    14701   397794   0.201
   202    14701   399760   0.202
   203    14701   401725   0.203
   204    14701   403690   0.204
   205    14701   405655   0.205
   206    14701   407620   0.206
   207    14701   409585   0.207
   208    14701   411550   0.208
   209    14701   413515   0.209
   210    14701   415480   0.210
   211    14701   417445   0.211
   212    14701   419410   0.212
   213    14701   421375   0.213
   214    14701   423340   0.214
   215    14701   425305   0.215
   216    14701   427270   0.216
   217    14701   429235   0.217
   218    14701   431200   0.218
   219    14701   433164   0.219
   220    14701   435128   0.220
   221    14701   437092   0.221
   222    14701   439056   0.222
   223    14701   441020   0.223
   224    14701   442984   0.224
   225    14701   444948   0.225
   226    14701   446912   0.226
   227    14701   448875   0.227
   228    14701   450838   0.228
   229    14701   452800   0.229
   230    14701   454762   0.230
   231    14701   456724   0.231
   232    14701   458686   0.232
   233    14701   460647   0.233
   234    14701   462608   0.234
   235    14701   464570   0.235
   236    14701   466532   0.236
   237    14701   468493   0.237
   238    14701   470454   0.238
   239    14701   472415   0.239
   240    14701   474376   0.240
   241    14701   476337   0.241
   242    14701   478298   0.242
   243    14701   480259   0.243
   244    14701   482220   0.244
   245    14701   484181   0.245
   246    14701   486142   0.246
   247    14701   488103   0.247
   248    14701   490064   0.248
   249    14701   492025   0.249
   250    14701   493986   0.250
   251    14701   495947   0.251
   252    14701   497907   0.252
   253    14701   499867   0.253
   254    14701   501827   0.254
   255    14701   503787   0.255
   256    14701   505747   0.256
   257    14701   507707   0.257
   258    14701   509667   0.258
   259    14701   511627   0.259
   260    14701   513587   0.260
   261    14701   515547   0.261
   262    14701   517507   0.262
   263    14701   519467   0.263
   264    14701   521426   0.264
   265    14701   523385   0.265
   266    14701   525344   0.266
   267    14701   527303   0.267
   268    14701   529262   0.268
   269    14701   531221   0.269
   270    14701   533180   0.270
   271    14701   535138   0.271
   272    14701   537096   0.272
   273    14701   539053   0.273
   274    14701   541010   0.274
   275    14701   542967   0.275
   276    14701   544923   0.276
   277    14701   546879   0.277
   278    14701   548835   0.278
   279    14701   550791   0.279
   280    14701   552747   0.280
   281    14701   554703   0.281
   282    14701   556659   0.282
   283    14701   558615   0.283
   284    14701   560571   0.284
   285    14701   562527   0.285
   286    14701   564483   0.286
   287    14701   566439   0.287
   288    14701   568395   0.288
   289    14701   570351   0.289
   290    14701   572307   0.290
   291    14701   574263   0.291
   292    14701   576219   0.292
   293    14701   578175   0.293
   294    14701   580131   0.294
   295    14701   582087   0.295
   296    14701   584043   0.296
   297    14701   585999   0.297
   298    14701   587955   0.298
   299    14701   589911   0.299
   300    14701   591867   0.300
   301    14701   593822   0.301
   302    14701   595777   0.302
   303    14701   597732   0.303
   304    14701   599687   0.304
   305    14701   601642   0.305
   306    14701   603597   0.306
   307    14701   605552   0.307
   308    14701   607507   0.308
   309    14701   609462   0.309
   310    14701   611417   0.310
   311    14701   613371   0.311
   312    14701   615325   0.312
   313    14701   617279   0.313
   314    14701   619233   0.314
   315    14701   621187   0.315
   316    14701   623141   0.316
   317    14701   625095   0.317
   318    14701   627049   0.318
   319    14701   629002   0.319
   320    14701   630955   0.320
   321    14701   632908   0.321
   322    14701   634861   0.322
   323    14701   636814   0.323
   324    14701   638767   0.324
   325    14701   640720   0.325
   326    14701   642673   0.326
   327    14701   644625   0.327
   328    14701   646577   0.328
   329    14701   648529   0.329
   330    14701   650481   0.330
   331    14701   652433   0.331
   332    14701   654385   0.332
   333    14701   656336   0.333
   334    14701   658287   0.334
   335    14701   660238   0.335
   336    14701   662189   0.336
   337    14701   664140   0.337
   338    14701   666091   0.338
   339    14701   668042   0.339
   340    14701   669993   0.340
   341    14701   671944   0.341
   342    14701   673895   0.342
   343    14701   675846   0.343
   344    14701   677797   0.344
   345    14701   679748   0.345
   346    14701   681699   0.346
   347    14701   683650   0.347
   348    14701   685601   0.348
   349    14701   687552   0.349
   350    14701   689503   0.350
   351    14701   691454   0.351
   352    14701   693405   0.352
   353    14701   695355   0.353
   354    14701   697305   0.354
   355    14701   699255   0.355
   356    14701   701205   0.356
   357    14701   703155   0.357
   358    14701   705105   0.358
   359    14701   707055   0.359
   360    14701   709005   0.360
   361    14701   710955   0.361
   362    14701   712905   0.362
   363    14701   714855   0.363
   364    14701   716805   0.364
   365    14701   718755   0.365
   366    14701   720705   0.366
   367    14701   722654   0.367
   368    14701   724603   0.368
   369    14701   726552   0.369
   370    14701   728501   0.370
   371    14701   730450   0.371
   372    14701   732399   0.372
   373    14701   734347   0.373
   374    14701   736295   0.374
   375    14701   738243   0.375
   376    14701   740191   0.376
   377    14701   742139   0.377
   378    14701   744087   0.378
   379    14701   746035   0.379
   380    14701   747983   0.380
   381    14701   749931   0.381
   382    14701   751879   0.382
   383    14701   753827   0.383
   384    14701   755775   0.384
   385    14701   757723   0.385
   386    14701   759671   0.386
   387    14701   761619   0.387
   388    14701   763566   0.388
   389    14701   765513   0.389
   390    14701   767460   0.390
   391    14701   769407   0.391
   392    14701   771354   0.392
   393    14701   773301   0.393
   394    14701   775248   0.394
   395    14701   777194   0.395
   396    14701   779140   0.396
