      1000  0.17E-04  0.28E-03  0.28E-03
      2000  0.91E-04  0.36E-04  0.10E-03
      3000  0.11E-03  0.74E-04  0.11E-03
      4000  0.85E-04  0.61E-04  0.88E-04
      5000  0.38E-04  0.63E-04  0.11E-03
      6000  0.41E-04  0.22E-04  0.32E-04
      7000  0.30E-04  0.74E-04  0.11E-03
      8000  0.29E-04  0.36E-04  0.46E-04
      9000  0.10E-03  0.48E-04  0.93E-04
     10000  0.11E-03  0.81E-05  0.13E-04
     11000  0.10E-03  0.72E-04  0.90E-04
     12000  0.97E-04  0.71E-04  0.77E-04
     13000  0.17E-03  0.52E-04  0.81E-04
     14000  0.17E-03  0.93E-05  0.16E-04
     15000  0.16E-03  0.18E-05  0.26E-05
     16000  0.16E-03  0.90E-05  0.17E-04
     17000  0.15E-03  0.16E-05  0.55E-05
     18000  0.23E-03  0.75E-04  0.16E-03
     19000  0.24E-03  0.94E-05  0.19E-04
     20000  0.24E-03  0.13E-05  0.24E-05
     21000  0.23E-03  0.13E-04  0.25E-04
     22000  0.28E-03  0.50E-04  0.10E-03
     23000  0.29E-03  0.89E-05  0.18E-04
     24000  0.30E-03  0.14E-05  0.22E-05
     25000  0.29E-03  0.53E-05  0.10E-04
     26000  0.35E-03  0.48E-04  0.95E-04
     27000  0.35E-03  0.89E-05  0.15E-04
     28000  0.35E-03  0.25E-05  0.37E-05
     29000  0.35E-03  0.81E-06  0.12E-05
     30000  0.34E-03  0.39E-05  0.69E-05
     31000  0.41E-03  0.42E-04  0.87E-04
     32000  0.42E-03  0.31E-05  0.52E-05
     33000  0.42E-03  0.12E-05  0.22E-05
     34000  0.46E-03  0.45E-04  0.94E-04
     35000  0.46E-03  0.15E-04  0.36E-04
     36000  0.47E-03  0.27E-05  0.42E-05
     37000  0.47E-03  0.10E-05  0.15E-05
     38000  0.51E-03  0.44E-04  0.76E-04
     39000  0.51E-03  0.81E-05  0.15E-04
     40000  0.52E-03  0.54E-05  0.92E-05
     41000  0.52E-03  0.11E-05  0.20E-05
     42000  0.56E-03  0.49E-04  0.97E-04
     43000  0.56E-03  0.63E-05  0.96E-05
     44000  0.57E-03  0.94E-05  0.14E-04
     45000  0.57E-03  0.13E-05  0.20E-05
     46000  0.59E-03  0.51E-04  0.89E-04
     47000  0.60E-03  0.77E-05  0.11E-04
     48000  0.61E-03  0.10E-04  0.16E-04
     49000  0.60E-03  0.15E-05  0.22E-05
     50000  0.63E-03  0.52E-04  0.10E-03
     51000  0.64E-03  0.77E-05  0.11E-04
     52000  0.65E-03  0.10E-04  0.16E-04
     53000  0.64E-03  0.18E-05  0.26E-05
     54000  0.67E-03  0.53E-04  0.11E-03
     55000  0.68E-03  0.72E-05  0.10E-04
     56000  0.69E-03  0.11E-04  0.19E-04
     57000  0.68E-03  0.18E-05  0.27E-05
     58000  0.71E-03  0.53E-04  0.10E-03
     59000  0.72E-03  0.77E-05  0.12E-04
     60000  0.73E-03  0.11E-04  0.18E-04
     61000  0.72E-03  0.18E-05  0.28E-05
     62000  0.74E-03  0.54E-04  0.91E-04
     63000  0.75E-03  0.69E-05  0.12E-04
     64000  0.75E-03  0.11E-04  0.19E-04
     65000  0.75E-03  0.20E-05  0.29E-05
     66000  0.77E-03  0.53E-04  0.71E-04
     67000  0.78E-03  0.64E-05  0.14E-04
     68000  0.79E-03  0.17E-05  0.22E-05
     69000  0.78E-03  0.17E-05  0.31E-05
     70000  0.81E-03  0.55E-04  0.72E-04
     71000  0.81E-03  0.64E-05  0.11E-04
     72000  0.82E-03  0.12E-05  0.18E-05
     73000  0.81E-03  0.17E-05  0.31E-05
     74000  0.83E-03  0.56E-04  0.73E-04
     75000  0.84E-03  0.68E-05  0.12E-04
     76000  0.85E-03  0.99E-05  0.16E-04
     77000  0.83E-03  0.19E-05  0.32E-05
     78000  0.86E-03  0.50E-04  0.87E-04
     79000  0.87E-03  0.62E-05  0.11E-04
     80000  0.87E-03  0.99E-06  0.16E-05
     81000  0.86E-03  0.18E-05  0.31E-05
     82000  0.90E-03  0.54E-04  0.68E-04
     83000  0.91E-03  0.56E-05  0.10E-04
     84000  0.91E-03  0.78E-06  0.12E-05
     85000  0.89E-03  0.19E-05  0.38E-05
     86000  0.93E-03  0.55E-04  0.71E-04
     87000  0.94E-03  0.64E-05  0.11E-04
     88000  0.94E-03  0.67E-06  0.11E-05
     89000  0.93E-03  0.20E-05  0.42E-05
     90000  0.95E-03  0.56E-04  0.72E-04
     91000  0.96E-03  0.60E-05  0.10E-04
     92000  0.96E-03  0.71E-06  0.11E-05
     93000  0.96E-03  0.57E-04  0.71E-04
     94000  0.97E-03  0.17E-04  0.36E-04
     95000  0.98E-03  0.60E-05  0.10E-04
     96000  0.98E-03  0.74E-06  0.10E-05
     97000  0.98E-03  0.56E-04  0.70E-04
     98000  0.98E-03  0.80E-05  0.12E-04
     99000  0.99E-03  0.53E-05  0.92E-05
    100000  0.99E-03  0.84E-06  0.12E-05
    101000  0.10E-02  0.53E-04  0.65E-04
    102000  0.10E-02  0.73E-05  0.10E-04
    103000  0.10E-02  0.44E-05  0.80E-05
    104000  0.10E-02  0.71E-06  0.13E-05
    105000  0.10E-02  0.55E-04  0.65E-04
    106000  0.10E-02  0.55E-05  0.85E-05
    107000  0.10E-02  0.38E-05  0.80E-05
    108000  0.10E-02  0.13E-05  0.18E-05
    109000  0.11E-02  0.54E-04  0.64E-04
    110000  0.11E-02  0.57E-05  0.83E-05
    111000  0.11E-02  0.13E-05  0.18E-05
    112000  0.11E-02  0.15E-05  0.20E-05
    113000  0.11E-02  0.55E-04  0.67E-04
    114000  0.11E-02  0.53E-05  0.79E-05
    115000  0.11E-02  0.11E-05  0.19E-05
    116000  0.11E-02  0.18E-05  0.24E-05
    117000  0.11E-02  0.54E-04  0.66E-04
    118000  0.11E-02  0.41E-05  0.77E-05
    119000  0.11E-02  0.11E-05  0.17E-05
    120000  0.11E-02  0.17E-05  0.25E-05
    121000  0.12E-02  0.55E-04  0.67E-04
    122000  0.12E-02  0.36E-05  0.71E-05
    123000  0.12E-02  0.11E-05  0.20E-05
    124000  0.12E-02  0.18E-05  0.27E-05
    125000  0.12E-02  0.56E-04  0.68E-04
    126000  0.12E-02  0.37E-05  0.73E-05
    127000  0.12E-02  0.83E-05  0.14E-04
    128000  0.12E-02  0.19E-05  0.29E-05
    129000  0.12E-02  0.55E-04  0.65E-04
    130000  0.12E-02  0.33E-05  0.58E-05
    131000  0.12E-02  0.85E-06  0.15E-05
    132000  0.12E-02  0.18E-05  0.30E-05
    133000  0.12E-02  0.49E-04  0.58E-04
    134000  0.12E-02  0.32E-05  0.54E-05
    135000  0.12E-02  0.81E-06  0.17E-05
    136000  0.12E-02  0.20E-05  0.33E-05
    137000  0.13E-02  0.54E-04  0.64E-04
    138000  0.13E-02  0.21E-05  0.42E-05
    139000  0.13E-02  0.19E-05  0.37E-05
    140000  0.12E-02  0.21E-05  0.36E-05
    141000  0.13E-02  0.49E-04  0.59E-04
    142000  0.13E-02  0.23E-05  0.47E-05
    143000  0.13E-02  0.13E-05  0.17E-05
    144000  0.13E-02  0.19E-05  0.39E-05
    145000  0.13E-02  0.56E-04  0.69E-04
    146000  0.13E-02  0.28E-05  0.50E-05
    147000  0.13E-02  0.76E-06  0.14E-05
    148000  0.13E-02  0.18E-05  0.34E-05
    149000  0.13E-02  0.55E-04  0.67E-04
    150000  0.13E-02  0.18E-05  0.27E-05
    151000  0.13E-02  0.98E-06  0.17E-05
    152000  0.13E-02  0.55E-04  0.66E-04
    153000  0.14E-02  0.10E-04  0.12E-04
    154000  0.14E-02  0.16E-05  0.24E-05
    155000  0.14E-02  0.96E-06  0.17E-05
    156000  0.14E-02  0.56E-04  0.67E-04
    157000  0.14E-02  0.83E-05  0.10E-04
    158000  0.14E-02  0.14E-05  0.21E-05
    159000  0.14E-02  0.11E-05  0.14E-05
    160000  0.14E-02  0.56E-04  0.67E-04
    161000  0.14E-02  0.50E-05  0.71E-05
    162000  0.14E-02  0.13E-05  0.22E-05
    163000  0.14E-02  0.13E-05  0.17E-05
    164000  0.14E-02  0.54E-04  0.63E-04
    165000  0.14E-02  0.47E-05  0.75E-05
    166000  0.14E-02  0.11E-05  0.17E-05
    167000  0.14E-02  0.15E-05  0.21E-05
    168000  0.14E-02  0.54E-04  0.65E-04
    169000  0.15E-02  0.44E-05  0.64E-05
    170000  0.15E-02  0.10E-05  0.18E-05
    171000  0.15E-02  0.17E-05  0.24E-05
    172000  0.15E-02  0.56E-04  0.67E-04
    173000  0.15E-02  0.40E-05  0.68E-05
    174000  0.15E-02  0.10E-05  0.17E-05
    175000  0.15E-02  0.18E-05  0.24E-05
    176000  0.15E-02  0.55E-04  0.65E-04
    177000  0.15E-02  0.40E-05  0.61E-05
    178000  0.15E-02  0.97E-06  0.17E-05
    179000  0.15E-02  0.17E-05  0.27E-05
    180000  0.15E-02  0.54E-04  0.63E-04
    181000  0.15E-02  0.31E-05  0.60E-05
    182000  0.15E-02  0.11E-05  0.19E-05
    183000  0.15E-02  0.18E-05  0.29E-05
    184000  0.15E-02  0.54E-04  0.61E-04
    185000  0.15E-02  0.36E-05  0.49E-05
    186000  0.15E-02  0.81E-06  0.15E-05
    187000  0.15E-02  0.19E-05  0.28E-05
    188000  0.16E-02  0.56E-04  0.66E-04
    189000  0.16E-02  0.28E-05  0.57E-05
    190000  0.16E-02  0.73E-06  0.13E-05
    191000  0.15E-02  0.18E-05  0.30E-05
    192000  0.16E-02  0.56E-04  0.66E-04
    193000  0.16E-02  0.22E-05  0.40E-05
    194000  0.16E-02  0.76E-06  0.14E-05
    195000  0.16E-02  0.19E-05  0.31E-05
    196000  0.16E-02  0.55E-04  0.66E-04
    197000  0.16E-02  0.21E-05  0.33E-05
    198000  0.16E-02  0.94E-06  0.16E-05
    199000  0.16E-02  0.18E-05  0.28E-05
    200000  0.16E-02  0.55E-04  0.64E-04
    201000  0.16E-02  0.16E-05  0.27E-05
    202000  0.16E-02  0.94E-06  0.17E-05
    203000  0.16E-02  0.17E-05  0.29E-05
    204000  0.16E-02  0.55E-04  0.64E-04
    205000  0.16E-02  0.19E-05  0.32E-05
    206000  0.16E-02  0.86E-06  0.17E-05
    207000  0.17E-02  0.53E-04  0.63E-04
    208000  0.17E-02  0.13E-04  0.18E-04
    209000  0.17E-02  0.13E-05  0.19E-05
    210000  0.17E-02  0.89E-06  0.16E-05
    211000  0.17E-02  0.53E-04  0.62E-04
    212000  0.17E-02  0.81E-05  0.12E-04
    213000  0.17E-02  0.12E-05  0.18E-05
    214000  0.17E-02  0.10E-05  0.18E-05
    215000  0.17E-02  0.53E-04  0.62E-04
    216000  0.17E-02  0.60E-05  0.96E-05
    217000  0.17E-02  0.13E-05  0.17E-05
    218000  0.17E-02  0.13E-05  0.18E-05
    219000  0.17E-02  0.54E-04  0.62E-04
    220000  0.17E-02  0.55E-05  0.74E-05
    221000  0.17E-02  0.12E-05  0.17E-05
    222000  0.17E-02  0.15E-05  0.20E-05
    223000  0.17E-02  0.54E-04  0.63E-04
    224000  0.17E-02  0.47E-05  0.66E-05
    225000  0.17E-02  0.12E-05  0.16E-05
    226000  0.17E-02  0.17E-05  0.22E-05
    227000  0.17E-02  0.53E-04  0.62E-04
    228000  0.17E-02  0.45E-05  0.68E-05
    229000  0.18E-02  0.98E-06  0.15E-05
    230000  0.17E-02  0.17E-05  0.24E-05
    231000  0.17E-02  0.52E-04  0.61E-04
    232000  0.18E-02  0.35E-05  0.59E-05
    233000  0.18E-02  0.74E-06  0.15E-05
    234000  0.18E-02  0.18E-05  0.25E-05
    235000  0.18E-02  0.53E-04  0.62E-04
    236000  0.18E-02  0.33E-05  0.49E-05
    237000  0.18E-02  0.95E-06  0.18E-05
    238000  0.18E-02  0.20E-05  0.32E-05
    239000  0.18E-02  0.54E-04  0.65E-04
    240000  0.18E-02  0.27E-05  0.41E-05
    241000  0.18E-02  0.78E-06  0.15E-05
    242000  0.18E-02  0.20E-05  0.32E-05
    243000  0.18E-02  0.54E-04  0.65E-04
    244000  0.18E-02  0.30E-05  0.38E-05
    245000  0.18E-02  0.99E-06  0.16E-05
    246000  0.18E-02  0.20E-05  0.29E-05
    247000  0.18E-02  0.53E-04  0.61E-04
    248000  0.18E-02  0.28E-05  0.49E-05
    249000  0.18E-02  0.12E-05  0.18E-05
    250000  0.18E-02  0.17E-05  0.27E-05
    251000  0.18E-02  0.55E-04  0.64E-04
    252000  0.18E-02  0.19E-05  0.32E-05
    253000  0.18E-02  0.85E-06  0.16E-05
    254000  0.18E-02  0.22E-05  0.32E-05
    255000  0.18E-02  0.55E-04  0.65E-04
    256000  0.18E-02  0.18E-05  0.29E-05
    257000  0.18E-02  0.80E-06  0.11E-05
    258000  0.18E-02  0.26E-05  0.46E-05
    259000  0.17E-02  0.58E-04  0.72E-04
    260000  0.18E-02  0.17E-05  0.28E-05
    261000  0.18E-02  0.80E-06  0.11E-05
    262000  0.17E-02  0.58E-04  0.72E-04
    263000  0.17E-02  0.17E-04  0.34E-04
    264000  0.17E-02  0.15E-05  0.22E-05
    265000  0.17E-02  0.74E-06  0.97E-06
    266000  0.16E-02  0.58E-04  0.72E-04
    267000  0.16E-02  0.88E-05  0.15E-04
    268000  0.16E-02  0.13E-05  0.20E-05
    269000  0.16E-02  0.69E-06  0.90E-06
    270000  0.15E-02  0.58E-04  0.71E-04
    271000  0.15E-02  0.56E-05  0.72E-05
    272000  0.16E-02  0.13E-05  0.18E-05
    273000  0.15E-02  0.88E-06  0.13E-05
    274000  0.15E-02  0.40E-04  0.52E-04
    275000  0.15E-02  0.52E-05  0.80E-05
    276000  0.15E-02  0.98E-06  0.15E-05
    277000  0.15E-02  0.12E-05  0.20E-05
    278000  0.15E-02  0.40E-04  0.50E-04
    279000  0.15E-02  0.52E-05  0.81E-05
    280000  0.16E-02  0.11E-05  0.15E-05
    281000  0.15E-02  0.16E-05  0.22E-05
    282000  0.16E-02  0.38E-04  0.47E-04
    283000  0.16E-02  0.45E-05  0.65E-05
    284000  0.16E-02  0.98E-06  0.19E-05
    285000  0.16E-02  0.18E-05  0.27E-05
    286000  0.16E-02  0.45E-04  0.58E-04
    287000  0.16E-02  0.40E-05  0.58E-05
    288000  0.16E-02  0.13E-05  0.18E-05
    289000  0.16E-02  0.21E-05  0.29E-05
    290000  0.16E-02  0.43E-04  0.58E-04
    291000  0.16E-02  0.33E-05  0.58E-05
    292000  0.16E-02  0.13E-05  0.19E-05
    293000  0.16E-02  0.19E-05  0.28E-05
    294000  0.16E-02  0.43E-04  0.54E-04
    295000  0.16E-02  0.27E-05  0.49E-05
    296000  0.16E-02  0.10E-05  0.17E-05
    297000  0.16E-02  0.19E-05  0.31E-05
    298000  0.16E-02  0.54E-04  0.65E-04
    299000  0.16E-02  0.39E-05  0.61E-05
    300000  0.16E-02  0.72E-06  0.12E-05
    301000  0.16E-02  0.28E-05  0.41E-05
    302000  0.16E-02  0.57E-04  0.72E-04
    303000  0.16E-02  0.43E-05  0.45E-05
    304000  0.16E-02  0.61E-06  0.11E-05
    305000  0.16E-02  0.26E-05  0.45E-05
    306000  0.15E-02  0.58E-04  0.74E-04
    307000  0.15E-02  0.27E-05  0.29E-05
    308000  0.15E-02  0.68E-06  0.12E-05
    309000  0.15E-02  0.24E-05  0.39E-05
    310000  0.14E-02  0.58E-04  0.71E-04
    311000  0.14E-02  0.18E-05  0.23E-05
    312000  0.14E-02  0.92E-06  0.17E-05
    313000  0.14E-02  0.17E-05  0.24E-05
    314000  0.14E-02  0.32E-04  0.60E-04
    315000  0.14E-02  0.17E-05  0.23E-05
    316000  0.14E-02  0.90E-06  0.19E-05
    317000  0.14E-02  0.14E-05  0.19E-05
    318000  0.14E-02  0.34E-04  0.56E-04
    319000  0.14E-02  0.16E-05  0.21E-05
    320000  0.14E-02  0.89E-06  0.22E-05
    321000  0.14E-02  0.34E-04  0.59E-04
    322000  0.14E-02  0.14E-04  0.25E-04
    323000  0.14E-02  0.12E-05  0.20E-05
    324000  0.14E-02  0.99E-06  0.21E-05
    325000  0.14E-02  0.35E-04  0.58E-04
    326000  0.14E-02  0.94E-05  0.19E-04
    327000  0.15E-02  0.12E-05  0.20E-05
    328000  0.14E-02  0.11E-05  0.19E-05
    329000  0.15E-02  0.36E-04  0.52E-04
    330000  0.15E-02  0.62E-05  0.13E-04
    331000  0.15E-02  0.14E-05  0.20E-05
    332000  0.15E-02  0.14E-05  0.22E-05
    333000  0.15E-02  0.45E-04  0.56E-04
    334000  0.15E-02  0.56E-05  0.76E-05
    335000  0.15E-02  0.11E-05  0.17E-05
    336000  0.15E-02  0.17E-05  0.24E-05
    337000  0.15E-02  0.54E-04  0.63E-04
    338000  0.15E-02  0.55E-05  0.10E-04
    339000  0.15E-02  0.94E-06  0.16E-05
    340000  0.15E-02  0.18E-05  0.24E-05
    341000  0.14E-02  0.58E-04  0.73E-04
    342000  0.14E-02  0.52E-05  0.72E-05
    343000  0.14E-02  0.98E-06  0.15E-05
    344000  0.14E-02  0.19E-05  0.25E-05
    345000  0.13E-02  0.57E-04  0.71E-04
    346000  0.13E-02  0.43E-05  0.44E-05
    347000  0.13E-02  0.83E-06  0.13E-05
    348000  0.13E-02  0.21E-05  0.26E-05
    349000  0.13E-02  0.57E-04  0.69E-04
    350000  0.13E-02  0.43E-05  0.52E-05
    351000  0.13E-02  0.81E-06  0.12E-05
    352000  0.13E-02  0.25E-05  0.32E-05
    353000  0.12E-02  0.58E-04  0.73E-04
    354000  0.12E-02  0.43E-05  0.45E-05
    355000  0.12E-02  0.84E-06  0.13E-05
    356000  0.12E-02  0.24E-05  0.29E-05
    357000  0.11E-02  0.58E-04  0.72E-04
    358000  0.11E-02  0.42E-05  0.44E-05
    359000  0.11E-02  0.85E-06  0.17E-05
    360000  0.11E-02  0.16E-05  0.24E-05
    361000  0.11E-02  0.34E-04  0.67E-04
    362000  0.11E-02  0.38E-05  0.42E-05
    363000  0.11E-02  0.86E-06  0.16E-05
    364000  0.11E-02  0.12E-05  0.19E-05
    365000  0.11E-02  0.37E-04  0.47E-04
    366000  0.11E-02  0.21E-05  0.23E-05
    367000  0.11E-02  0.95E-06  0.17E-05
    368000  0.11E-02  0.13E-05  0.19E-05
    369000  0.11E-02  0.39E-04  0.67E-04
    370000  0.11E-02  0.17E-05  0.22E-05
    371000  0.11E-02  0.11E-05  0.17E-05
    372000  0.11E-02  0.13E-05  0.19E-05
    373000  0.12E-02  0.47E-04  0.95E-04
    374000  0.12E-02  0.15E-05  0.25E-05
    375000  0.12E-02  0.13E-05  0.22E-05
    376000  0.12E-02  0.38E-04  0.65E-04
    377000  0.12E-02  0.19E-04  0.39E-04
    378000  0.12E-02  0.12E-05  0.20E-05
    379000  0.12E-02  0.13E-05  0.20E-05
    380000  0.12E-02  0.41E-04  0.52E-04
    381000  0.12E-02  0.85E-05  0.10E-04
    382000  0.12E-02  0.13E-05  0.22E-05
    383000  0.12E-02  0.14E-05  0.18E-05
    384000  0.12E-02  0.54E-04  0.63E-04
    385000  0.12E-02  0.64E-05  0.82E-05
    386000  0.12E-02  0.17E-05  0.23E-05
    387000  0.12E-02  0.11E-05  0.19E-05
    388000  0.12E-02  0.54E-04  0.67E-04
    389000  0.12E-02  0.49E-05  0.82E-05
    390000  0.12E-02  0.13E-05  0.21E-05
    391000  0.12E-02  0.13E-05  0.24E-05
    392000  0.12E-02  0.42E-04  0.79E-04
    393000  0.12E-02  0.67E-05  0.12E-04
    394000  0.12E-02  0.13E-05  0.23E-05
    395000  0.12E-02  0.14E-05  0.22E-05
    396000  0.12E-02  0.41E-04  0.76E-04
    397000  0.12E-02  0.63E-05  0.95E-05
    398000  0.12E-02  0.11E-05  0.19E-05
    399000  0.12E-02  0.21E-05  0.32E-05
    400000  0.13E-02  0.47E-04  0.58E-04
    401000  0.13E-02  0.43E-05  0.75E-05
    402000  0.13E-02  0.80E-06  0.16E-05
    403000  0.13E-02  0.17E-05  0.27E-05
    404000  0.13E-02  0.55E-04  0.64E-04
    405000  0.13E-02  0.39E-05  0.62E-05
    406000  0.13E-02  0.78E-06  0.17E-05
    407000  0.13E-02  0.22E-05  0.27E-05
    408000  0.13E-02  0.55E-04  0.64E-04
    409000  0.13E-02  0.37E-05  0.41E-05
    410000  0.13E-02  0.68E-06  0.11E-05
    411000  0.13E-02  0.21E-05  0.44E-05
    412000  0.12E-02  0.59E-04  0.77E-04
    413000  0.12E-02  0.45E-05  0.48E-05
    414000  0.12E-02  0.82E-06  0.14E-05
    415000  0.12E-02  0.21E-05  0.29E-05
    416000  0.11E-02  0.57E-04  0.69E-04
    417000  0.11E-02  0.41E-05  0.45E-05
    418000  0.11E-02  0.10E-05  0.17E-05
    419000  0.11E-02  0.16E-05  0.24E-05
    420000  0.11E-02  0.39E-04  0.63E-04
    421000  0.11E-02  0.24E-05  0.42E-05
    422000  0.11E-02  0.13E-05  0.24E-05
    423000  0.11E-02  0.20E-05  0.30E-05
    424000  0.11E-02  0.54E-04  0.63E-04
    425000  0.11E-02  0.23E-05  0.34E-05
    426000  0.11E-02  0.88E-06  0.18E-05
    427000  0.11E-02  0.17E-05  0.27E-05
    428000  0.12E-02  0.52E-04  0.63E-04
    429000  0.12E-02  0.14E-05  0.25E-05
    430000  0.12E-02  0.82E-06  0.11E-05
    431000  0.11E-02  0.59E-04  0.74E-04
    432000  0.11E-02  0.17E-04  0.32E-04
    433000  0.11E-02  0.15E-05  0.21E-05
    434000  0.11E-02  0.99E-06  0.22E-05
    435000  0.10E-02  0.38E-04  0.75E-04
    436000  0.11E-02  0.12E-04  0.22E-04
    437000  0.11E-02  0.10E-05  0.20E-05
    438000  0.11E-02  0.16E-05  0.26E-05
    439000  0.11E-02  0.54E-04  0.63E-04
    440000  0.11E-02  0.80E-05  0.10E-04
    441000  0.11E-02  0.11E-05  0.18E-05
    442000  0.11E-02  0.14E-05  0.20E-05
    443000  0.99E-03  0.60E-04  0.79E-04
    444000  0.10E-02  0.52E-05  0.68E-05
    445000  0.10E-02  0.12E-05  0.18E-05
    446000  0.10E-02  0.13E-05  0.25E-05
    447000  0.98E-03  0.52E-04  0.10E-03
    448000  0.98E-03  0.64E-05  0.13E-04
    449000  0.98E-03  0.97E-06  0.16E-05
    450000  0.97E-03  0.12E-05  0.30E-05
    451000  0.94E-03  0.55E-04  0.64E-04
    452000  0.95E-03  0.49E-05  0.10E-04
    453000  0.96E-03  0.11E-05  0.19E-05
    454000  0.95E-03  0.18E-05  0.24E-05
    455000  0.93E-03  0.48E-04  0.97E-04
    456000  0.93E-03  0.55E-05  0.89E-05
    457000  0.93E-03  0.74E-06  0.12E-05
    458000  0.92E-03  0.13E-05  0.31E-05
    459000  0.90E-03  0.53E-04  0.66E-04
    460000  0.91E-03  0.43E-05  0.79E-05
    461000  0.91E-03  0.80E-06  0.14E-05
    462000  0.90E-03  0.27E-05  0.39E-05
    463000  0.78E-03  0.60E-04  0.78E-04
    464000  0.80E-03  0.45E-05  0.47E-05
    465000  0.81E-03  0.97E-06  0.18E-05
    466000  0.79E-03  0.17E-05  0.25E-05
    467000  0.74E-03  0.35E-04  0.68E-04
    468000  0.74E-03  0.41E-05  0.43E-05
    469000  0.75E-03  0.93E-06  0.16E-05
    470000  0.74E-03  0.16E-05  0.24E-05
    471000  0.74E-03  0.36E-04  0.70E-04
    472000  0.75E-03  0.19E-05  0.33E-05
    473000  0.75E-03  0.11E-05  0.17E-05
    474000  0.74E-03  0.13E-05  0.19E-05
    475000  0.76E-03  0.46E-04  0.80E-04
    476000  0.76E-03  0.17E-05  0.26E-05
    477000  0.76E-03  0.12E-05  0.19E-05
    478000  0.76E-03  0.12E-05  0.20E-05
    479000  0.79E-03  0.50E-04  0.80E-04
    480000  0.79E-03  0.22E-05  0.37E-05
    481000  0.78E-03  0.19E-05  0.26E-05
    482000  0.80E-03  0.49E-04  0.59E-04
    483000  0.81E-03  0.21E-04  0.26E-04
    484000  0.81E-03  0.15E-05  0.25E-05
    485000  0.81E-03  0.17E-05  0.27E-05
    486000  0.81E-03  0.40E-04  0.70E-04
    487000  0.82E-03  0.11E-04  0.20E-04
    488000  0.82E-03  0.16E-05  0.26E-05
    489000  0.82E-03  0.16E-05  0.26E-05
    490000  0.84E-03  0.43E-04  0.73E-04
    491000  0.85E-03  0.71E-05  0.14E-04
    492000  0.85E-03  0.14E-05  0.24E-05
    493000  0.84E-03  0.17E-05  0.27E-05
    494000  0.87E-03  0.39E-04  0.54E-04
    495000  0.88E-03  0.68E-05  0.79E-05
    496000  0.87E-03  0.92E-06  0.16E-05
    497000  0.86E-03  0.20E-05  0.31E-05
    498000  0.88E-03  0.54E-04  0.63E-04
    499000  0.90E-03  0.52E-05  0.71E-05
    500000  0.90E-03  0.98E-06  0.17E-05
    501000  0.89E-03  0.17E-05  0.27E-05
    502000  0.89E-03  0.54E-04  0.62E-04
    503000  0.90E-03  0.46E-05  0.75E-05
    504000  0.90E-03  0.82E-06  0.13E-05
    505000  0.89E-03  0.22E-05  0.33E-05
    506000  0.80E-03  0.59E-04  0.76E-04
    507000  0.81E-03  0.45E-05  0.50E-05
    508000  0.82E-03  0.95E-06  0.16E-05
    509000  0.81E-03  0.22E-05  0.30E-05
    510000  0.70E-03  0.58E-04  0.70E-04
    511000  0.71E-03  0.38E-05  0.48E-05
    512000  0.72E-03  0.16E-05  0.26E-05
    513000  0.71E-03  0.16E-05  0.28E-05
    514000  0.69E-03  0.50E-04  0.98E-04
    515000  0.70E-03  0.40E-05  0.84E-05
    516000  0.69E-03  0.15E-05  0.26E-05
    517000  0.69E-03  0.16E-05  0.24E-05
    518000  0.73E-03  0.38E-04  0.69E-04
    519000  0.73E-03  0.36E-05  0.43E-05
    520000  0.72E-03  0.10E-05  0.15E-05
    521000  0.71E-03  0.15E-05  0.26E-05
    522000  0.75E-03  0.55E-04  0.63E-04
    523000  0.75E-03  0.20E-05  0.40E-05
    524000  0.75E-03  0.65E-06  0.10E-05
    525000  0.73E-03  0.22E-05  0.55E-05
    526000  0.67E-03  0.60E-04  0.77E-04
    527000  0.68E-03  0.18E-05  0.28E-05
    528000  0.68E-03  0.13E-05  0.23E-05
    529000  0.65E-03  0.54E-04  0.11E-03
    530000  0.66E-03  0.35E-04  0.85E-04
    531000  0.65E-03  0.13E-05  0.19E-05
    532000  0.64E-03  0.13E-05  0.22E-05
    533000  0.66E-03  0.56E-04  0.64E-04
    534000  0.68E-03  0.82E-05  0.11E-04
    535000  0.68E-03  0.18E-05  0.25E-05
    536000  0.68E-03  0.20E-05  0.32E-05
    537000  0.68E-03  0.51E-04  0.10E-03
    538000  0.69E-03  0.90E-05  0.19E-04
    539000  0.68E-03  0.91E-06  0.16E-05
    540000  0.67E-03  0.11E-05  0.31E-05
    541000  0.64E-03  0.54E-04  0.66E-04
    542000  0.66E-03  0.56E-05  0.11E-04
    543000  0.66E-03  0.12E-05  0.22E-05
    544000  0.65E-03  0.17E-05  0.23E-05
    545000  0.62E-03  0.37E-04  0.53E-04
    546000  0.63E-03  0.50E-05  0.71E-05
    547000  0.63E-03  0.10E-05  0.19E-05
    548000  0.63E-03  0.14E-05  0.23E-05
    549000  0.62E-03  0.42E-04  0.75E-04
    550000  0.63E-03  0.42E-05  0.78E-05
    551000  0.63E-03  0.12E-05  0.21E-05
    552000  0.63E-03  0.18E-05  0.25E-05
    553000  0.65E-03  0.43E-04  0.55E-04
    554000  0.66E-03  0.39E-05  0.78E-05
    555000  0.65E-03  0.17E-05  0.29E-05
    556000  0.65E-03  0.17E-05  0.27E-05
    557000  0.67E-03  0.44E-04  0.68E-04
    558000  0.68E-03  0.42E-05  0.68E-05
    559000  0.67E-03  0.17E-05  0.27E-05
    560000  0.66E-03  0.16E-05  0.31E-05
    561000  0.70E-03  0.45E-04  0.56E-04
    562000  0.70E-03  0.35E-05  0.54E-05
    563000  0.70E-03  0.14E-05  0.26E-05
    564000  0.69E-03  0.15E-05  0.22E-05
    565000  0.72E-03  0.43E-04  0.52E-04
    566000  0.72E-03  0.20E-05  0.33E-05
    567000  0.71E-03  0.16E-05  0.27E-05
    568000  0.71E-03  0.15E-05  0.26E-05
    569000  0.74E-03  0.54E-04  0.68E-04
    570000  0.74E-03  0.17E-05  0.27E-05
    571000  0.73E-03  0.18E-05  0.32E-05
    572000  0.73E-03  0.14E-05  0.25E-05
    573000  0.75E-03  0.41E-04  0.53E-04
    574000  0.75E-03  0.16E-05  0.25E-05
    575000  0.74E-03  0.18E-05  0.25E-05
    576000  0.76E-03  0.49E-04  0.61E-04
    577000  0.77E-03  0.11E-04  0.15E-04
    578000  0.77E-03  0.13E-05  0.22E-05
    579000  0.76E-03  0.13E-05  0.24E-05
    580000  0.78E-03  0.54E-04  0.68E-04
    581000  0.79E-03  0.86E-05  0.11E-04
    582000  0.79E-03  0.17E-05  0.27E-05
    583000  0.78E-03  0.17E-05  0.26E-05
    584000  0.79E-03  0.44E-04  0.54E-04
    585000  0.80E-03  0.76E-05  0.10E-04
    586000  0.80E-03  0.15E-05  0.28E-05
    587000  0.79E-03  0.16E-05  0.26E-05
    588000  0.81E-03  0.45E-04  0.60E-04
    589000  0.82E-03  0.67E-05  0.85E-05
    590000  0.82E-03  0.15E-05  0.25E-05
    591000  0.81E-03  0.21E-05  0.34E-05
    592000  0.83E-03  0.49E-04  0.67E-04
    593000  0.85E-03  0.45E-05  0.64E-05
    594000  0.84E-03  0.11E-05  0.20E-05
    595000  0.83E-03  0.19E-05  0.35E-05
    596000  0.84E-03  0.48E-04  0.59E-04
    597000  0.85E-03  0.38E-05  0.60E-05
