 0.000E+00 0.000E+00
 0.316E+12 0.271E+17
 0.631E+12 0.272E+17
 0.947E+12 0.272E+17
 0.126E+13 0.272E+17
 0.158E+13 0.272E+17
 0.189E+13 0.273E+17
 0.221E+13 0.273E+17
 0.252E+13 0.273E+17
 0.284E+13 0.273E+17
 0.316E+13 0.273E+17
 0.347E+13 0.274E+17
 0.379E+13 0.274E+17
 0.410E+13 0.274E+17
 0.442E+13 0.274E+17
 0.473E+13 0.275E+17
 0.505E+13 0.275E+17
 0.536E+13 0.275E+17
 0.568E+13 0.276E+17
 0.600E+13 0.276E+17
 0.631E+13 0.277E+17
 0.663E+13 0.277E+17
 0.694E+13 0.278E+17
 0.726E+13 0.278E+17
 0.757E+13 0.279E+17
 0.789E+13 0.279E+17
 0.821E+13 0.280E+17
 0.852E+13 0.280E+17
 0.884E+13 0.281E+17
 0.915E+13 0.281E+17
 0.947E+13 0.281E+17
 0.978E+13 0.282E+17
 0.101E+14 0.283E+17
 0.104E+14 0.283E+17
 0.107E+14 0.284E+17
 0.110E+14 0.285E+17
 0.114E+14 0.285E+17
 0.117E+14 0.286E+17
 0.120E+14 0.287E+17
 0.123E+14 0.287E+17
