      1000   0.001  0.532E+11 -0.168E+12
      2000   0.001  0.484E+11 -0.177E+12
      3000   0.002  0.312E+11 -0.173E+12
      4000   0.002  0.223E+11 -0.168E+12
      5000   0.002  0.193E+11 -0.145E+12
      6000   0.003  0.110E+11 -0.798E+11
      7000   0.003  0.274E+11 -0.256E+11
      8000   0.004  0.102E+11 -0.386E+11
      9000   0.004  0.135E+11 -0.773E+11
     10000   0.005  0.527E+10 -0.592E+11
     11000   0.005  0.146E+10 -0.221E+11
     12000   0.006 -0.152E+10 -0.149E+11
     13000   0.006  0.245E+10 -0.534E+11
     14000   0.007  0.652E+09 -0.642E+11
     15000   0.007 -0.809E+10 -0.500E+11
     16000   0.008 -0.962E+10 -0.167E+11
     17000   0.008 -0.631E+10 -0.143E+11
     18000   0.008 -0.175E+10 -0.443E+11
     19000   0.009  0.190E+10 -0.771E+11
     20000   0.009 -0.488E+10 -0.416E+11
     21000   0.010 -0.114E+11 -0.183E+11
     22000   0.010 -0.420E+10 -0.398E+11
     23000   0.011  0.167E+10 -0.699E+11
     24000   0.011 -0.400E+10 -0.470E+11
     25000   0.012 -0.116E+11 -0.181E+11
     26000   0.012 -0.972E+10 -0.204E+11
     27000   0.013  0.364E+08 -0.530E+11
     28000   0.013  0.167E+10 -0.483E+11
     29000   0.014 -0.951E+10 -0.190E+11
     30000   0.014 -0.121E+11 -0.313E+10
     31000   0.014 -0.725E+09 -0.459E+11
     32000   0.015  0.693E+10 -0.597E+11
     33000   0.015 -0.463E+10 -0.286E+11
     34000   0.016 -0.104E+10 -0.213E+11
     35000   0.017 -0.886E+09 -0.538E+11
     36000   0.017  0.581E+10 -0.586E+11
     37000   0.018 -0.663E+10 -0.288E+11
     38000   0.018 -0.898E+10 -0.289E+11
     39000   0.019 -0.715E+08 -0.600E+11
     40000   0.019  0.842E+10 -0.608E+11
     41000   0.020 -0.461E+10 -0.322E+11
     42000   0.020 -0.103E+11 -0.377E+11
     43000   0.021  0.290E+09 -0.698E+11
     44000   0.021  0.828E+10 -0.636E+11
     45000   0.022 -0.462E+10 -0.373E+11
     46000   0.022 -0.106E+11 -0.446E+11
     47000   0.023  0.930E+09 -0.775E+11
     48000   0.023  0.831E+10 -0.671E+11
     49000   0.024 -0.555E+10 -0.420E+11
     50000   0.024 -0.914E+10 -0.474E+11
     51000   0.025  0.240E+10 -0.844E+11
     52000   0.025  0.107E+11 -0.700E+11
     53000   0.026 -0.468E+10 -0.466E+11
     54000   0.026 -0.867E+10 -0.448E+11
     55000   0.027  0.266E+10 -0.781E+11
     56000   0.027  0.834E+10 -0.602E+11
     57000   0.028 -0.692E+10 -0.366E+11
     58000   0.028 -0.743E+10 -0.263E+11
     59000   0.029  0.309E+10 -0.637E+11
     60000   0.029  0.676E+10 -0.440E+11
     61000   0.030 -0.825E+10 -0.201E+11
     62000   0.030 -0.631E+10 -0.149E+11
     63000   0.031  0.435E+10 -0.571E+11
     64000   0.031  0.803E+10 -0.335E+11
     65000   0.032 -0.818E+10 -0.142E+11
     66000   0.032 -0.541E+10 -0.160E+11
     67000   0.033  0.502E+10 -0.568E+11
     68000   0.033  0.371E+10 -0.309E+11
     69000   0.034 -0.126E+11 -0.760E+10
     70000   0.034 -0.532E+10 -0.169E+11
     71000   0.035  0.531E+10 -0.570E+11
     72000   0.035  0.351E+10 -0.313E+11
     73000   0.036 -0.137E+11 -0.874E+10
     74000   0.036 -0.514E+10 -0.174E+11
     75000   0.037  0.629E+10 -0.624E+11
     76000   0.037  0.612E+10 -0.352E+11
     77000   0.038 -0.112E+11 -0.173E+11
     78000   0.038 -0.508E+10 -0.296E+11
     79000   0.039  0.542E+10 -0.687E+11
     80000   0.039  0.975E+09 -0.398E+11
     81000   0.040 -0.144E+11 -0.213E+11
     82000   0.040 -0.407E+10 -0.417E+11
     83000   0.041  0.549E+10 -0.751E+11
     84000   0.041 -0.253E+09 -0.465E+11
     85000   0.042 -0.142E+11 -0.265E+11
     86000   0.042 -0.378E+10 -0.448E+11
     87000   0.043  0.560E+10 -0.709E+11
     88000   0.043 -0.208E+10 -0.446E+11
     89000   0.044 -0.139E+11 -0.233E+11
     90000   0.044 -0.322E+10 -0.445E+11
     91000   0.045  0.607E+10 -0.629E+11
     92000   0.045 -0.222E+10 -0.390E+11
     93000   0.046  0.180E+09 -0.165E+11
     94000   0.047 -0.283E+10 -0.457E+11
     95000   0.047  0.473E+10 -0.565E+11
     96000   0.048 -0.398E+10 -0.335E+11
     97000   0.048 -0.767E+10 -0.198E+11
     98000   0.049 -0.154E+10 -0.537E+11
     99000   0.049  0.606E+10 -0.591E+11
    100000   0.050 -0.281E+10 -0.384E+11
    101000   0.050 -0.967E+10 -0.283E+11
    102000   0.051 -0.172E+10 -0.615E+11
    103000   0.051  0.377E+10 -0.586E+11
    104000   0.052 -0.595E+10 -0.377E+11
    105000   0.052 -0.693E+10 -0.278E+11
    106000   0.053  0.644E+09 -0.688E+11
    107000   0.053  0.554E+10 -0.602E+11
    108000   0.054 -0.576E+10 -0.387E+11
    109000   0.054 -0.542E+10 -0.257E+11
    110000   0.055  0.204E+10 -0.697E+11
    111000   0.055  0.437E+10 -0.553E+11
    112000   0.056 -0.837E+10 -0.322E+11
    113000   0.056 -0.570E+10 -0.229E+11
    114000   0.057  0.232E+10 -0.697E+11
    115000   0.057  0.552E+10 -0.521E+11
    116000   0.058 -0.883E+10 -0.311E+11
    117000   0.058 -0.633E+10 -0.186E+11
    118000   0.059  0.180E+10 -0.690E+11
    119000   0.059  0.461E+10 -0.472E+11
    120000   0.060 -0.106E+11 -0.287E+11
    121000   0.060 -0.530E+10 -0.155E+11
    122000   0.061  0.198E+10 -0.697E+11
    123000   0.061  0.492E+10 -0.457E+11
    124000   0.062 -0.113E+11 -0.257E+11
    125000   0.062 -0.483E+10 -0.152E+11
    126000   0.063  0.257E+10 -0.685E+11
    127000   0.063  0.517E+10 -0.439E+11
    128000   0.064 -0.122E+11 -0.266E+11
    129000   0.064 -0.443E+10 -0.127E+11
    130000   0.065  0.202E+10 -0.686E+11
    131000   0.065  0.376E+10 -0.405E+11
    132000   0.066 -0.142E+11 -0.273E+11
    133000   0.066 -0.185E+10 -0.153E+11
    134000   0.067  0.480E+10 -0.713E+11
    135000   0.067  0.243E+10 -0.405E+11
    136000   0.068 -0.144E+11 -0.246E+11
    137000   0.068 -0.158E+10 -0.256E+11
    138000   0.069  0.489E+10 -0.684E+11
    139000   0.069 -0.402E+09 -0.368E+11
    140000   0.070 -0.132E+11 -0.193E+11
    141000   0.070 -0.133E+10 -0.322E+11
    142000   0.071  0.579E+10 -0.668E+11
    143000   0.071 -0.584E+09 -0.368E+11
    144000   0.072 -0.133E+11 -0.183E+11
    145000   0.072 -0.251E+10 -0.364E+11
    146000   0.073  0.474E+10 -0.608E+11
    147000   0.073 -0.139E+10 -0.342E+11
    148000   0.074 -0.130E+11 -0.185E+11
    149000   0.074 -0.163E+10 -0.431E+11
    150000   0.075  0.462E+10 -0.585E+11
    151000   0.076 -0.247E+10 -0.325E+11
    152000   0.076 -0.435E+10 -0.208E+11
    153000   0.077 -0.853E+09 -0.498E+11
    154000   0.077  0.483E+10 -0.569E+11
    155000   0.078 -0.378E+10 -0.311E+11
    156000   0.078 -0.540E+10 -0.237E+11
    157000   0.079  0.233E+10 -0.567E+11
    158000   0.079  0.552E+10 -0.575E+11
    159000   0.080 -0.447E+10 -0.301E+11
    160000   0.080 -0.478E+10 -0.242E+11
    161000   0.081  0.333E+10 -0.624E+11
    162000   0.081  0.508E+10 -0.558E+11
    163000   0.082 -0.669E+10 -0.272E+11
    164000   0.082 -0.509E+10 -0.215E+11
    165000   0.083  0.334E+10 -0.646E+11
    166000   0.083  0.534E+10 -0.525E+11
    167000   0.084 -0.818E+10 -0.272E+11
    168000   0.084 -0.553E+10 -0.155E+11
    169000   0.085  0.241E+10 -0.675E+11
    170000   0.085  0.567E+10 -0.490E+11
    171000   0.086 -0.851E+10 -0.271E+11
    172000   0.086 -0.556E+10 -0.141E+11
    173000   0.087  0.147E+10 -0.657E+11
    174000   0.087  0.531E+10 -0.465E+11
    175000   0.088 -0.957E+10 -0.266E+11
    176000   0.088 -0.406E+10 -0.145E+11
    177000   0.089  0.237E+10 -0.676E+11
    178000   0.089  0.495E+10 -0.446E+11
    179000   0.090 -0.118E+11 -0.244E+11
    180000   0.090 -0.344E+10 -0.145E+11
    181000   0.091  0.418E+10 -0.703E+11
    182000   0.091  0.490E+10 -0.443E+11
    183000   0.092 -0.132E+11 -0.238E+11
    184000   0.092 -0.219E+10 -0.166E+11
    185000   0.093  0.507E+10 -0.694E+11
    186000   0.093  0.325E+10 -0.420E+11
    187000   0.094 -0.141E+11 -0.222E+11
    188000   0.094 -0.142E+10 -0.176E+11
    189000   0.095  0.586E+10 -0.692E+11
    190000   0.095  0.593E+09 -0.402E+11
    191000   0.096 -0.138E+11 -0.203E+11
    192000   0.096 -0.145E+10 -0.209E+11
    193000   0.097  0.621E+10 -0.678E+11
    194000   0.097  0.665E+09 -0.383E+11
    195000   0.098 -0.137E+11 -0.169E+11
    196000   0.098 -0.336E+10 -0.253E+11
    197000   0.099  0.420E+10 -0.618E+11
    198000   0.099 -0.483E+09 -0.343E+11
    199000   0.100 -0.132E+11 -0.145E+11
    200000   0.100 -0.269E+10 -0.322E+11
    201000   0.101  0.484E+10 -0.617E+11
    202000   0.101 -0.485E+09 -0.341E+11
    203000   0.102 -0.129E+11 -0.166E+11
    204000   0.102 -0.187E+10 -0.388E+11
    205000   0.103  0.531E+10 -0.578E+11
    206000   0.103 -0.641E+09 -0.336E+11
    207000   0.104 -0.117E+10 -0.169E+11
    208000   0.105 -0.117E+10 -0.459E+11
    209000   0.105  0.516E+10 -0.555E+11
    210000   0.106 -0.237E+10 -0.302E+11
    211000   0.106 -0.523E+10 -0.192E+11
    212000   0.107  0.835E+09 -0.512E+11
    213000   0.107  0.547E+10 -0.531E+11
    214000   0.108 -0.334E+10 -0.276E+11
    215000   0.108 -0.502E+10 -0.185E+11
    216000   0.109  0.262E+10 -0.562E+11
    217000   0.109  0.538E+10 -0.514E+11
    218000   0.110 -0.603E+10 -0.268E+11
    219000   0.110 -0.497E+10 -0.150E+11
    220000   0.111  0.263E+10 -0.592E+11
    221000   0.111  0.575E+10 -0.493E+11
    222000   0.112 -0.698E+10 -0.287E+11
    223000   0.112 -0.489E+10 -0.113E+11
    224000   0.113  0.148E+10 -0.605E+11
    225000   0.113  0.542E+10 -0.463E+11
    226000   0.114 -0.807E+10 -0.278E+11
    227000   0.114 -0.502E+10 -0.102E+11
    228000   0.115  0.135E+10 -0.636E+11
    229000   0.115  0.603E+10 -0.450E+11
    230000   0.116 -0.854E+10 -0.302E+11
    231000   0.116 -0.381E+10 -0.991E+10
    232000   0.117  0.121E+10 -0.675E+11
    233000   0.117  0.547E+10 -0.441E+11
    234000   0.118 -0.103E+11 -0.294E+11
    235000   0.118 -0.326E+10 -0.133E+11
    236000   0.119  0.291E+10 -0.695E+11
    237000   0.119  0.580E+10 -0.444E+11
    238000   0.120 -0.110E+11 -0.302E+11
    239000   0.120 -0.235E+10 -0.230E+11
    240000   0.121  0.459E+10 -0.709E+11
    241000   0.121  0.227E+10 -0.416E+11
    242000   0.122 -0.124E+11 -0.273E+11
    243000   0.122 -0.190E+10 -0.275E+11
    244000   0.123  0.554E+10 -0.718E+11
    245000   0.123  0.131E+10 -0.406E+11
    246000   0.124 -0.139E+11 -0.288E+11
    247000   0.124 -0.221E+10 -0.257E+11
    248000   0.125  0.512E+10 -0.701E+11
    249000   0.125  0.172E+10 -0.389E+11
    250000   0.126 -0.138E+11 -0.258E+11
    251000   0.126 -0.280E+10 -0.276E+11
    252000   0.127  0.262E+10 -0.642E+11
    253000   0.127 -0.190E+10 -0.335E+11
    254000   0.128 -0.121E+11 -0.181E+11
    255000   0.128 -0.366E+10 -0.335E+11
    256000   0.129  0.328E+10 -0.658E+11
    257000   0.129 -0.296E+09 -0.344E+11
    258000   0.130 -0.119E+11 -0.158E+11
    259000   0.130 -0.371E+10 -0.356E+11
    260000   0.131  0.360E+10 -0.626E+11
    261000   0.131  0.662E+09 -0.341E+11
    262000   0.132  0.350E+10 -0.164E+11
    263000   0.132 -0.386E+10 -0.405E+11
    264000   0.133  0.211E+10 -0.563E+11
    265000   0.134 -0.211E+10 -0.295E+11
    266000   0.134 -0.673E+10 -0.126E+11
    267000   0.135 -0.290E+10 -0.432E+11
    268000   0.135  0.294E+10 -0.529E+11
    269000   0.136 -0.257E+10 -0.272E+11
    270000   0.136 -0.761E+10 -0.986E+10
    271000   0.137 -0.136E+10 -0.507E+11
    272000   0.137  0.688E+10 -0.534E+11
    273000   0.138 -0.342E+08 -0.355E+11
    274000   0.138 -0.551E+10 -0.127E+11
    275000   0.139 -0.121E+10 -0.543E+11
    276000   0.139  0.560E+10 -0.463E+11
    277000   0.140 -0.360E+10 -0.318E+11
    278000   0.140 -0.499E+10 -0.751E+10
    279000   0.141 -0.197E+09 -0.583E+11
    280000   0.141  0.585E+10 -0.456E+11
    281000   0.142 -0.511E+10 -0.336E+11
    282000   0.142 -0.251E+10 -0.172E+11
    283000   0.143  0.312E+10 -0.626E+11
    284000   0.143  0.541E+10 -0.428E+11
    285000   0.144 -0.764E+10 -0.291E+11
    286000   0.144 -0.248E+10 -0.187E+11
    287000   0.145  0.464E+10 -0.655E+11
    288000   0.145  0.717E+10 -0.435E+11
    289000   0.146 -0.803E+10 -0.326E+11
    290000   0.146 -0.231E+10 -0.245E+11
    291000   0.147  0.323E+10 -0.643E+11
    292000   0.147  0.418E+10 -0.370E+11
    293000   0.148 -0.102E+11 -0.288E+11
    294000   0.148 -0.126E+10 -0.271E+11
    295000   0.149  0.339E+10 -0.660E+11
    296000   0.149 -0.178E+10 -0.333E+11
    297000   0.150 -0.132E+11 -0.161E+11
    298000   0.150 -0.364E+10 -0.106E+11
    299000   0.151  0.235E+10 -0.666E+11
    300000   0.151  0.265E+10 -0.345E+11
    301000   0.152 -0.126E+11 -0.148E+11
    302000   0.152 -0.553E+10 -0.746E+09
    303000   0.153  0.197E+10 -0.659E+11
    304000   0.153  0.420E+10 -0.338E+11
    305000   0.154 -0.126E+11 -0.150E+11
    306000   0.154 -0.553E+10 -0.913E+10
    307000   0.155  0.149E+10 -0.615E+11
    308000   0.155  0.430E+10 -0.320E+11
    309000   0.156 -0.128E+11 -0.142E+11
    310000   0.156 -0.426E+10 -0.190E+11
    311000   0.157  0.481E+10 -0.641E+11
    312000   0.157  0.766E+10 -0.422E+11
    313000   0.158 -0.109E+11 -0.222E+11
    314000   0.158 -0.334E+10 -0.292E+11
    315000   0.159  0.233E+10 -0.522E+11
    316000   0.159  0.486E+09 -0.370E+11
    317000   0.160 -0.116E+11 -0.158E+11
    318000   0.160 -0.271E+10 -0.380E+11
    319000   0.161  0.413E+10 -0.528E+11
    320000   0.161 -0.544E+09 -0.385E+11
    321000   0.162  0.785E+09 -0.163E+11
    322000   0.162  0.167E+08 -0.487E+11
    323000   0.163  0.601E+10 -0.528E+11
    324000   0.164 -0.169E+10 -0.382E+11
    325000   0.164 -0.138E+10 -0.235E+11
    326000   0.165  0.124E+10 -0.537E+11
    327000   0.165  0.444E+10 -0.487E+11
    328000   0.166 -0.369E+10 -0.351E+11
    329000   0.166 -0.880E+09 -0.291E+11
    330000   0.167  0.477E+10 -0.606E+11
    331000   0.167  0.230E+10 -0.465E+11
    332000   0.168 -0.910E+10 -0.257E+11
    333000   0.168 -0.234E+10 -0.251E+11
    334000   0.169  0.424E+10 -0.644E+11
    335000   0.169  0.156E+10 -0.483E+11
    336000   0.170 -0.111E+11 -0.211E+11
    337000   0.170 -0.466E+10 -0.106E+11
    338000   0.171  0.159E+10 -0.615E+11
    339000   0.171  0.400E+10 -0.444E+11
    340000   0.172 -0.993E+10 -0.225E+11
    341000   0.172 -0.582E+10 -0.142E+10
    342000   0.173  0.806E+09 -0.643E+11
    343000   0.173  0.609E+10 -0.438E+11
    344000   0.174 -0.862E+10 -0.248E+11
    345000   0.174 -0.657E+10 -0.978E+09
    346000   0.175 -0.889E+09 -0.653E+11
    347000   0.175  0.478E+10 -0.396E+11
    348000   0.176 -0.109E+11 -0.216E+11
    349000   0.176 -0.560E+10  0.138E+09
    350000   0.177  0.727E+07 -0.645E+11
    351000   0.177  0.435E+10 -0.372E+11
    352000   0.178 -0.126E+11 -0.176E+11
    353000   0.178 -0.617E+10  0.412E+10
    354000   0.179  0.641E+08 -0.634E+11
    355000   0.179  0.501E+10 -0.360E+11
    356000   0.180 -0.129E+11 -0.172E+11
    357000   0.180 -0.507E+10  0.294E+10
    358000   0.181  0.297E+10 -0.681E+11
    359000   0.181  0.940E+10 -0.484E+11
    360000   0.182 -0.832E+10 -0.303E+11
    361000   0.182 -0.333E+10 -0.497E+10
    362000   0.183  0.764E+09 -0.584E+11
    363000   0.183  0.326E+10 -0.420E+11
    364000   0.184 -0.101E+11 -0.189E+11
    365000   0.184 -0.364E+10 -0.235E+11
    366000   0.185  0.266E+10 -0.599E+11
    367000   0.185  0.240E+10 -0.449E+11
    368000   0.186 -0.835E+10 -0.290E+11
    369000   0.186 -0.633E+09 -0.349E+11
    370000   0.187  0.381E+10 -0.613E+11
    371000   0.187  0.752E+09 -0.465E+11
    372000   0.188 -0.652E+10 -0.353E+11
    373000   0.188  0.439E+10 -0.502E+11
    374000   0.189  0.430E+10 -0.586E+11
    375000   0.189 -0.397E+10 -0.345E+11
    376000   0.190  0.110E+11 -0.298E+11
    377000   0.190  0.427E+10 -0.528E+11
    378000   0.191  0.186E+10 -0.566E+11
    379000   0.191 -0.581E+10 -0.289E+11
    380000   0.192 -0.202E+10 -0.292E+11
    381000   0.193  0.346E+10 -0.571E+11
    382000   0.193  0.237E+08 -0.547E+11
    383000   0.194 -0.107E+11 -0.192E+11
    384000   0.194 -0.648E+10 -0.815E+10
    385000   0.195  0.625E+09 -0.578E+11
    386000   0.195  0.638E+10 -0.562E+11
    387000   0.196 -0.319E+10 -0.354E+11
    388000   0.196 -0.643E+10 -0.171E+11
    389000   0.197  0.300E+09 -0.562E+11
    390000   0.197  0.487E+10 -0.469E+11
    391000   0.198 -0.422E+10 -0.380E+11
    392000   0.198  0.246E+10 -0.338E+11
    393000   0.199  0.528E+10 -0.656E+11
    394000   0.199  0.232E+10 -0.418E+11
    395000   0.200 -0.620E+10 -0.344E+11
    396000   0.200  0.297E+10 -0.340E+11
    397000   0.201  0.495E+10 -0.701E+11
    398000   0.201  0.665E+09 -0.433E+11
    399000   0.202 -0.984E+10 -0.276E+11
    400000   0.202 -0.188E+10 -0.280E+11
    401000   0.203  0.296E+10 -0.725E+11
    402000   0.203 -0.228E+09 -0.496E+11
    403000   0.204 -0.128E+11 -0.282E+11
    404000   0.204 -0.212E+10 -0.250E+11
    405000   0.205  0.537E+10 -0.741E+11
    406000   0.205  0.169E+10 -0.533E+11
    407000   0.206 -0.127E+11 -0.220E+11
    408000   0.206 -0.491E+10 -0.169E+11
    409000   0.207  0.114E+10 -0.674E+11
    410000   0.207 -0.271E+09 -0.400E+11
    411000   0.208 -0.126E+11 -0.151E+11
    412000   0.208 -0.567E+10 -0.291E+10
    413000   0.209  0.221E+10 -0.683E+11
    414000   0.209  0.585E+10 -0.432E+11
    415000   0.210 -0.137E+11 -0.222E+11
    416000   0.210 -0.529E+10 -0.505E+10
    417000   0.211  0.138E+10 -0.670E+11
    418000   0.211  0.687E+10 -0.478E+11
    419000   0.212 -0.893E+10 -0.406E+11
    420000   0.212  0.403E+10 -0.433E+11
    421000   0.213  0.483E+10 -0.681E+11
    422000   0.213 -0.324E+10 -0.367E+11
    423000   0.214 -0.112E+11 -0.222E+11
    424000   0.214  0.526E+09 -0.411E+11
    425000   0.215  0.641E+10 -0.710E+11
    426000   0.215 -0.172E+10 -0.450E+11
    427000   0.216 -0.125E+11 -0.163E+11
    428000   0.216 -0.138E+10 -0.420E+11
    429000   0.217  0.353E+10 -0.628E+11
    430000   0.217 -0.516E+10 -0.304E+11
    431000   0.218  0.332E+10 -0.536E+10
    432000   0.218 -0.266E+10 -0.419E+11
    433000   0.219  0.741E+10 -0.645E+11
    434000   0.219  0.341E+10 -0.546E+11
    435000   0.220  0.175E+10 -0.400E+11
    436000   0.220  0.584E+10 -0.566E+11
    437000   0.221  0.165E+10 -0.542E+11
    438000   0.222 -0.739E+10 -0.251E+11
    439000   0.222 -0.439E+10 -0.225E+11
    440000   0.223  0.469E+10 -0.626E+11
    441000   0.223  0.279E+10 -0.598E+11
    442000   0.224 -0.939E+10 -0.216E+11
    443000   0.224 -0.787E+10 -0.170E+10
    444000   0.225  0.149E+10 -0.603E+11
    445000   0.225  0.113E+11 -0.609E+11
    446000   0.226  0.161E+10 -0.586E+11
    447000   0.226  0.603E+10 -0.397E+11
    448000   0.227  0.323E+10 -0.598E+11
    449000   0.227 -0.261E+10 -0.374E+11
    450000   0.228 -0.141E+11 -0.127E+11
    451000   0.228 -0.315E+10 -0.515E+10
    452000   0.229  0.498E+10 -0.736E+11
    453000   0.229  0.119E+11 -0.567E+11
    454000   0.230 -0.186E+10 -0.501E+11
    455000   0.230  0.581E+10 -0.381E+11
    456000   0.231  0.429E+10 -0.657E+11
    457000   0.231 -0.235E+10 -0.331E+11
    458000   0.232 -0.138E+11 -0.110E+11
    459000   0.232 -0.209E+10 -0.693E+10
    460000   0.233  0.531E+10 -0.752E+11
    461000   0.233  0.643E+10 -0.435E+11
    462000   0.234 -0.139E+11 -0.170E+11
    463000   0.234 -0.539E+10  0.222E+10
    464000   0.235  0.356E+10 -0.732E+11
    465000   0.235  0.107E+11 -0.574E+11
    466000   0.236 -0.730E+10 -0.339E+11
    467000   0.236 -0.342E+10 -0.680E+10
    468000   0.237  0.170E+10 -0.673E+11
    469000   0.237  0.603E+10 -0.579E+11
    470000   0.238 -0.844E+10 -0.260E+11
    471000   0.238 -0.339E+10 -0.230E+11
    472000   0.239  0.150E+10 -0.608E+11
    473000   0.239  0.219E+10 -0.572E+11
    474000   0.240 -0.703E+10 -0.288E+11
    475000   0.240 -0.711E+09 -0.366E+11
    476000   0.241  0.948E+09 -0.596E+11
    477000   0.241 -0.457E+10 -0.510E+11
    478000   0.242 -0.580E+10 -0.455E+11
    479000   0.242  0.911E+10 -0.639E+11
    480000   0.243  0.336E+10 -0.661E+11
    481000   0.243 -0.806E+10 -0.210E+11
    482000   0.244  0.748E+10 -0.191E+11
    483000   0.244  0.277E+10 -0.552E+11
    484000   0.245  0.448E+10 -0.689E+11
    485000   0.245 -0.238E+10 -0.434E+11
    486000   0.246  0.925E+09 -0.354E+11
    487000   0.246  0.469E+10 -0.614E+11
    488000   0.247  0.762E+09 -0.540E+11
    489000   0.248 -0.611E+10 -0.385E+11
    490000   0.248  0.148E+10 -0.395E+11
    491000   0.249  0.592E+10 -0.692E+11
    492000   0.249  0.865E+09 -0.547E+11
    493000   0.250 -0.744E+10 -0.395E+11
    494000   0.250 -0.159E+09 -0.407E+11
    495000   0.251  0.436E+10 -0.734E+11
    496000   0.251 -0.189E+10 -0.559E+11
    497000   0.252 -0.130E+11 -0.264E+11
    498000   0.252 -0.346E+10 -0.250E+11
    499000   0.253  0.421E+10 -0.734E+11
    500000   0.253  0.286E+10 -0.617E+11
    501000   0.254 -0.111E+11 -0.316E+11
    502000   0.254 -0.438E+10 -0.167E+11
    503000   0.255  0.751E+09 -0.696E+11
    504000   0.255  0.173E+10 -0.475E+11
    505000   0.256 -0.137E+11 -0.209E+11
    506000   0.256 -0.541E+10 -0.305E+10
    507000   0.257  0.109E+10 -0.700E+11
    508000   0.257  0.669E+10 -0.512E+11
    509000   0.258 -0.116E+11 -0.287E+11
    510000   0.258 -0.521E+10 -0.586E+10
    511000   0.259  0.871E+09 -0.673E+11
    512000   0.259  0.648E+10 -0.528E+11
    513000   0.260 -0.312E+10 -0.498E+11
    514000   0.260  0.761E+10 -0.493E+11
    515000   0.261  0.560E+10 -0.719E+11
    516000   0.261 -0.140E+10 -0.453E+11
    517000   0.262 -0.736E+10 -0.369E+11
    518000   0.262  0.446E+10 -0.397E+11
    519000   0.263  0.268E+10 -0.720E+11
    520000   0.263 -0.423E+10 -0.381E+11
    521000   0.264 -0.112E+11 -0.184E+11
    522000   0.264  0.119E+09 -0.401E+11
    523000   0.265  0.409E+10 -0.745E+11
    524000   0.265 -0.440E+10 -0.356E+11
    525000   0.266 -0.113E+11 -0.622E+10
    526000   0.266 -0.268E+10 -0.347E+11
    527000   0.267  0.799E+10 -0.731E+11
    528000   0.267  0.541E+10 -0.656E+11
    529000   0.268  0.223E+11 -0.564E+11
    530000   0.268  0.105E+11 -0.634E+11
    531000   0.269  0.177E+10 -0.603E+11
    532000   0.269 -0.947E+10 -0.227E+11
    533000   0.270 -0.323E+10 -0.168E+11
    534000   0.270  0.333E+10 -0.589E+11
    535000   0.271  0.595E+10 -0.684E+11
    536000   0.272 -0.126E+10 -0.540E+11
    537000   0.272  0.477E+10 -0.518E+11
    538000   0.273  0.660E+10 -0.629E+11
    539000   0.273 -0.305E+10 -0.466E+11
    540000   0.274 -0.142E+11 -0.153E+11
    541000   0.274 -0.381E+10 -0.830E+10
    542000   0.275  0.450E+10 -0.739E+11
    543000   0.275  0.101E+11 -0.665E+11
    544000   0.276 -0.267E+10 -0.454E+11
    545000   0.276 -0.366E+10 -0.109E+11
    546000   0.277 -0.425E+09 -0.695E+11
    547000   0.277  0.604E+10 -0.634E+11
    548000   0.278 -0.543E+10 -0.446E+11
    549000   0.278 -0.739E+09 -0.271E+11
    550000   0.279  0.153E+10 -0.698E+11
    551000   0.279  0.215E+10 -0.580E+11
    552000   0.280 -0.752E+10 -0.411E+11
    553000   0.280  0.227E+10 -0.427E+11
    554000   0.281  0.471E+10 -0.761E+11
    555000   0.281 -0.189E+10 -0.445E+11
    556000   0.282 -0.749E+10 -0.428E+11
    557000   0.282  0.572E+10 -0.485E+11
    558000   0.283  0.297E+10 -0.810E+11
    559000   0.283 -0.337E+10 -0.371E+11
    560000   0.284 -0.107E+11 -0.359E+11
    561000   0.284  0.192E+10 -0.403E+11
    562000   0.285 -0.499E+09 -0.778E+11
    563000   0.285 -0.474E+10 -0.448E+11
    564000   0.286 -0.916E+10 -0.449E+11
    565000   0.286  0.291E+10 -0.562E+11
    566000   0.287 -0.848E+09 -0.747E+11
    567000   0.287 -0.822E+10 -0.340E+11
    568000   0.288 -0.966E+10 -0.344E+11
    569000   0.288  0.213E+10 -0.553E+11
    570000   0.289 -0.137E+10 -0.752E+11
    571000   0.289 -0.653E+10 -0.476E+11
    572000   0.290 -0.833E+10 -0.473E+11
    573000   0.290  0.393E+10 -0.672E+11
    574000   0.291 -0.257E+10 -0.660E+11
    575000   0.291 -0.854E+10 -0.437E+11
    576000   0.292 -0.980E+09 -0.452E+11
    577000   0.292  0.270E+10 -0.683E+11
    578000   0.293 -0.428E+10 -0.624E+11
    579000   0.293 -0.111E+11 -0.370E+11
    580000   0.294 -0.320E+10 -0.382E+11
    581000   0.295  0.269E+10 -0.720E+11
    582000   0.295 -0.351E+10 -0.624E+11
    583000   0.296 -0.811E+10 -0.559E+11
    584000   0.296  0.141E+10 -0.598E+11
    585000   0.297  0.345E+10 -0.802E+11
    586000   0.297 -0.370E+10 -0.550E+11
    587000   0.298 -0.934E+10 -0.519E+11
    588000   0.298  0.222E+09 -0.552E+11
    589000   0.299  0.142E+10 -0.828E+11
    590000   0.299 -0.545E+10 -0.514E+11
    591000   0.300 -0.117E+11 -0.369E+11
    592000   0.300 -0.124E+10 -0.409E+11
    593000   0.301  0.190E+09 -0.836E+11
    594000   0.301 -0.414E+10 -0.627E+11
    595000   0.302 -0.120E+11 -0.397E+11
    596000   0.302 -0.222E+10 -0.389E+11
    597000   0.303  0.223E+10 -0.832E+11
    598000   0.303 -0.354E+10 -0.588E+11
    599000   0.304 -0.125E+11 -0.292E+11
    600000   0.304 -0.475E+10 -0.229E+11
    601000   0.305 -0.582E+09 -0.771E+11
    602000   0.305 -0.342E+10 -0.435E+11
    603000   0.306 -0.121E+11 -0.171E+11
    604000   0.306 -0.440E+10 -0.106E+11
    605000   0.307  0.330E+10 -0.763E+11
    606000   0.307  0.579E+10 -0.577E+11
    607000   0.308 -0.111E+11 -0.459E+11
    608000   0.308  0.463E+10 -0.557E+11
    609000   0.309  0.274E+10 -0.781E+11
    610000   0.309 -0.471E+10 -0.406E+11
    611000   0.310 -0.102E+11 -0.276E+11
    612000   0.310  0.126E+10 -0.542E+11
    613000   0.311  0.476E+10 -0.813E+11
    614000   0.311 -0.408E+10 -0.548E+11
    615000   0.312 -0.103E+11 -0.299E+11
    616000   0.312  0.246E+09 -0.547E+11
    617000   0.313  0.246E+10 -0.716E+11
    618000   0.313 -0.783E+10 -0.337E+11
    619000   0.314 -0.593E+10 -0.936E+10
    620000   0.314 -0.961E+09 -0.541E+11
    621000   0.315  0.759E+10 -0.728E+11
    622000   0.315  0.616E+09 -0.650E+11
    623000   0.316  0.658E+10 -0.646E+11
    624000   0.317  0.105E+11 -0.782E+11
    625000   0.317  0.921E+09 -0.636E+11
    626000   0.318 -0.113E+11 -0.279E+11
    627000   0.318 -0.334E+10 -0.270E+11
    628000   0.319  0.332E+10 -0.766E+11
    629000   0.319  0.714E+09 -0.602E+11
    630000   0.320 -0.126E+11 -0.266E+11
    631000   0.320 -0.370E+10 -0.163E+11
    632000   0.321  0.365E+10 -0.783E+11
    633000   0.321  0.632E+10 -0.641E+11
    634000   0.322 -0.874E+10 -0.393E+11
    635000   0.322 -0.173E+10 -0.256E+11
    636000   0.323  0.391E+10 -0.778E+11
    637000   0.323  0.364E+10 -0.583E+11
    638000   0.324 -0.707E+10 -0.509E+11
    639000   0.324  0.556E+10 -0.546E+11
    640000   0.325  0.367E+10 -0.803E+11
    641000   0.325 -0.713E+10 -0.363E+11
    642000   0.326 -0.123E+11 -0.125E+11
    643000   0.326 -0.133E+10 -0.136E+11
    644000   0.327  0.689E+10 -0.886E+11
    645000   0.327  0.919E+10 -0.740E+11
    646000   0.328 -0.383E+10 -0.623E+11
    647000   0.328  0.899E+10 -0.633E+11
    648000   0.329  0.492E+10 -0.755E+11
    649000   0.329 -0.272E+10 -0.513E+11
    650000   0.330 -0.486E+10 -0.512E+11
    651000   0.330  0.954E+10 -0.622E+11
    652000   0.331  0.102E+10 -0.708E+11
    653000   0.331 -0.105E+11 -0.268E+11
    654000   0.332 -0.998E+10 -0.169E+11
    655000   0.332  0.547E+09 -0.516E+11
    656000   0.333  0.446E+10 -0.756E+11
    657000   0.333 -0.489E+10 -0.363E+11
    658000   0.334 -0.366E+10 -0.614E+10
    659000   0.334 -0.197E+10 -0.461E+11
    660000   0.335  0.560E+10 -0.693E+11
    661000   0.335 -0.212E+10 -0.391E+11
    662000   0.336 -0.844E+10 -0.684E+10
    663000   0.336 -0.273E+10 -0.528E+11
    664000   0.337  0.393E+10 -0.620E+11
    665000   0.338 -0.491E+10 -0.342E+11
    666000   0.338 -0.827E+10 -0.638E+10
    667000   0.339 -0.216E+10 -0.601E+11
    668000   0.339  0.342E+10 -0.569E+11
    669000   0.340 -0.778E+10 -0.287E+11
    670000   0.340 -0.581E+10 -0.334E+10
    671000   0.341  0.743E+09 -0.698E+11
    672000   0.341  0.725E+10 -0.665E+11
    673000   0.342 -0.574E+10 -0.400E+11
    674000   0.342 -0.516E+10 -0.103E+11
    675000   0.343 -0.310E+09 -0.701E+11
    676000   0.343  0.392E+10 -0.654E+11
    677000   0.344 -0.844E+10 -0.389E+11
    678000   0.344 -0.166E+10 -0.242E+11
    679000   0.345  0.117E+10 -0.725E+11
    680000   0.345 -0.151E+10 -0.665E+11
    681000   0.346 -0.481E+10 -0.633E+11
    682000   0.346  0.926E+10 -0.680E+11
    683000   0.347  0.709E+10 -0.850E+11
    684000   0.347 -0.464E+10 -0.390E+11
    685000   0.348 -0.106E+11 -0.317E+11
    686000   0.348  0.133E+10 -0.363E+11
    687000   0.349  0.575E+09 -0.805E+11
    688000   0.349 -0.516E+10 -0.559E+11
    689000   0.350 -0.849E+10 -0.493E+11
    690000   0.350  0.576E+10 -0.666E+11
    691000   0.351  0.136E+10 -0.779E+11
    692000   0.351 -0.830E+10 -0.454E+11
    693000   0.352 -0.919E+10 -0.341E+11
    694000   0.352  0.165E+10 -0.571E+11
    695000   0.353  0.375E+08 -0.760E+11
    696000   0.353 -0.752E+10 -0.417E+11
    697000   0.354  0.207E+10 -0.302E+11
    698000   0.354  0.134E+10 -0.632E+11
    699000   0.355  0.126E+10 -0.723E+11
    700000   0.355 -0.845E+10 -0.422E+11
    701000   0.356 -0.609E+10 -0.188E+11
    702000   0.356  0.530E+09 -0.641E+11
    703000   0.357  0.200E+10 -0.636E+11
    704000   0.358 -0.990E+10 -0.283E+11
    705000   0.358 -0.790E+10 -0.517E+10
    706000   0.359 -0.105E+09 -0.641E+11
    707000   0.359  0.492E+10 -0.623E+11
    708000   0.360 -0.764E+10 -0.317E+11
    709000   0.360 -0.509E+10 -0.139E+11
    710000   0.361  0.309E+10 -0.693E+11
    711000   0.361  0.587E+10 -0.626E+11
    712000   0.362 -0.446E+10 -0.622E+11
    713000   0.362  0.842E+10 -0.684E+11
    714000   0.363  0.838E+10 -0.840E+11
    715000   0.363 -0.333E+09 -0.637E+11
    716000   0.364 -0.385E+10 -0.593E+11
    717000   0.364  0.931E+10 -0.617E+11
    718000   0.365  0.341E+10 -0.744E+11
    719000   0.365 -0.603E+10 -0.408E+11
    720000   0.366 -0.115E+11 -0.231E+11
    721000   0.366  0.127E+09 -0.298E+11
    722000   0.367  0.245E+10 -0.818E+11
    723000   0.367 -0.379E+10 -0.404E+11
    724000   0.368 -0.121E+11 -0.106E+11
    725000   0.368 -0.303E+10 -0.184E+11
    726000   0.369  0.488E+10 -0.800E+11
    727000   0.369  0.575E+10 -0.682E+11
    728000   0.370 -0.646E+10 -0.603E+11
    729000   0.370  0.933E+10 -0.680E+11
    730000   0.371  0.311E+10 -0.721E+11
    731000   0.371 -0.638E+10 -0.380E+11
    732000   0.372 -0.108E+11 -0.258E+11
    733000   0.372  0.796E+09 -0.528E+11
    734000   0.373  0.588E+09 -0.707E+11
    735000   0.373 -0.661E+10 -0.380E+11
    736000   0.374 -0.309E+09 -0.328E+11
    737000   0.374  0.479E+10 -0.646E+11
    738000   0.375  0.167E+10 -0.697E+11
    739000   0.375 -0.773E+10 -0.451E+11
    740000   0.376 -0.337E+10 -0.382E+11
    741000   0.377  0.514E+10 -0.700E+11
    742000   0.377 -0.199E+10 -0.619E+11
    743000   0.378 -0.127E+11 -0.246E+11
    744000   0.378 -0.210E+10 -0.288E+11
    745000   0.379  0.588E+10 -0.813E+11
    746000   0.379  0.636E+09 -0.691E+11
    747000   0.380 -0.117E+11 -0.417E+11
    748000   0.380 -0.183E+10 -0.379E+11
    749000   0.381  0.507E+10 -0.791E+11
    750000   0.381 -0.161E+10 -0.560E+11
    751000   0.382 -0.127E+11 -0.371E+11
    752000   0.382 -0.224E+09 -0.389E+11
    753000   0.383  0.242E+10 -0.800E+11
    754000   0.383 -0.554E+10 -0.454E+11
    755000   0.384 -0.126E+11 -0.135E+11
    756000   0.384 -0.286E+10 -0.120E+11
    757000   0.385  0.499E+10 -0.847E+11
    758000   0.385  0.725E+10 -0.701E+11
    759000   0.386 -0.451E+10 -0.633E+11
    760000   0.386  0.936E+10 -0.671E+11
    761000   0.387  0.405E+10 -0.735E+11
    762000   0.387 -0.116E+11 -0.236E+11
    763000   0.388 -0.103E+11 -0.953E+10
    764000   0.388  0.249E+10 -0.391E+11
    765000   0.389  0.877E+10 -0.898E+11
    766000   0.389  0.199E+10 -0.592E+11
    767000   0.390 -0.137E+11 -0.214E+11
    768000   0.390 -0.138E+10 -0.450E+11
    769000   0.391  0.410E+10 -0.711E+11
    770000   0.391 -0.369E+10 -0.715E+11
    771000   0.392  0.126E+11 -0.729E+11
    772000   0.392  0.107E+11 -0.862E+11
    773000   0.393  0.199E+10 -0.658E+11
    774000   0.393 -0.606E+10 -0.538E+11
    775000   0.394  0.319E+10 -0.559E+11
    776000   0.394  0.937E+10 -0.745E+11
    777000   0.395 -0.146E+10 -0.561E+11
    778000   0.396 -0.810E+10 -0.499E+11
    779000   0.396  0.189E+10 -0.524E+11
